76.3352799717354
78.91203920546384
74.83977232085905
77.73471712400466
78.64608740773676
77.4998571936071
80.45419856257577
81.34065907086476
83.99284268546624
83.32035543864077
83.0216857064628
84.12412727227876
81.57977801065483
83.52024873590192
81.86459346038997
82.94142768150854
84.27170262793504
84.09025898899792
86.12065735693587
86.76163854605933
88.4881059421798
87.9494517424358
85.90704360318392
86.21600409600478
84.59420896806398
86.49892903343333
82.35490374761409
83.79743328405327
86.69051558715836
86.23236655857768
89.3959349344563
89.40665560125066
92.71522859646208
92.71279640647352
92.11734179520042
92.10530393567957
89.74749062382739
90.99230265549382
87.63484242743134
88.0182596902993
91.06899202189736
89.53049679139666
90.79883317240235
92.33002896031662
93.64548356702278
93.79785195975849
93.97178465203396
92.42119184934707
90.35222984399272
91.79557758806524
87.82583260399655
89.8332774732581
92.88721222711435
91.53459856468214
94.84452410553604
97.37485853893124
97.95977090660509
100.02497218323249
99.25796928413801
100.27718840682311
98.67237267137642
100.28995899095226
96.50112762668819
100.58001375161948
103.05382638251308
101.38431121526652
102.85267005017621
104.2856086686424
105.04334019736729
104.88781192292768
105.13502794843637
104.85664812973732
104.75295049673382
107.35398339087595
102.33302731389121
105.96964608981887
109.26543228155778
106.78455251002738
110.57554141772867
112.11089788258013
114.89316742762651
114.17206756496081
114.77886177495127
116.5393164066245
114.13582763606779
116.08968340111129
113.95392259156962
118.05192652560723
120.94121136200104
119.58745159019037
122.57448054957736
125.77007113098094
126.52833323912814
127.98379121838926
125.34598776926921
127.94354040832908
126.62585424049674
126.5402335521041
123.22862685337633
126.73572595996562
129.00311469468676
128.56339352057333
131.27528503616242
132.56016550047198
133.6598674775828
133.44229711046455
134.40612999135797
135.80132397308225
133.38695683177355
136.77536693487113
133.1862917366198
137.7809286393745
142.49569917288565
139.69372288551938
144.7261627440517
146.52364635997
147.2197580197808
145.54327738716893
145.17821896588273
146.38059859333129
143.32341735895662
144.63480416217544
142.36175622356149
145.49198898546587
147.45082664431223
146.58958501230182
147.98716509216365
152.29549995096983
150.34823492940978
150.89636912742802
150.72525881992152
150.96352763896314
148.10197090384239
148.99658691734825
148.14227084167916
152.39317979488456
154.7163969020591
152.08843189929217
156.24982225431035
157.2948298962903
159.76652150546704
159.20823077621685
157.69776820568498
158.13913394925302